STATISTICAL SUMMARY 

2007 NOVEMBER SPECIAL ELECTION 

 

Population of Oregon—July 1, 2006....................................................................................................................  3,690,505 
 
Population of voting age in Oregon* ..................................................................................................................  2,818,225 
 
Individuals 18 years and older who are ineligible to vote due to legal impediments................................. 
 
Estimated eligible voters in Oregon....................................................................................................................  2,747,769 
 
Total registered voters in Oregon for 2007 Special Election ............................................................................  1,930,382 
 
Percent of eligibles registered to vote ................................................................................................................. 
 
Number voting on November 6, 2007.................................................................................................................  1,163,210 
 
Percent of registered voters voting...................................................................................................................... 
 
* This 2006 population estimate furnished by The Center for Population Research and Census 

70,456 

70.3% 

60.3% 

VOTER REGISTRATION BY COUNTY 
2007 NOVEMBER SPECIAL ELECTION 

County 
 
Baker…………………...………. 
Benton……………………...…... 
Clackamas………………...…… 
Clatsop…………………………… 
Columbia………………………… 
Coos……………………………… 
Crook…………………………….. 
Curry…………………………….. 
Deschutes……………………….. 
Douglas………………………….. 
Gilliam…………………………… 
Grant…………………………….. 
Harney…………………………… 
Hood River……………………… 
Jackson…………………………… 
Jefferson………………………….. 
Josephine………………………… 
Klamath…………………………. 
Lake……………………………… 
Lane……………………………… 
Lincoln…………………………... 
Linn……………………………… 
Malheur…………………………. 
Marion…………………………... 
Morrow…………………………. 
Multnomah…………………….. 
Polk……………………………... 
Sherman………………………... 
Tillamook………………………. 
Umatilla………………………… 
Union…………………………… 
Wallowa……………………….. 
Wasco………………………….. 
Washington…………………… 
Wheeler……………………….. 
Yamhill……………………….. 

Totals 

Democrats

 
Republicans

NAVs

Others 

Total

2,968 
18,122 
76,089 
8,605 
11,517 
14,036 
3,497 
4,492 
26,235 
19,490 
396 
1,216 
1,061 
4,050 
36,595 
2,996 
14,415 
9,500 
1,048 
80,893 
10,769 
19,506 
3,053 
47,237 
1,469 
186,796 
13,261 
393 
6,048 
9,330 
4,379 
1,364 
4,984 
88,164 
298 
14,903 
749,175

4,707 
14,587 
79,001 
6,455 
8,371 
12,514 
5,246 
5,829 
34,312 
28,108 
544 
2,175 
2,158 
3,175 
46,148 
3,836 
22,128 
16,582 
2,232 
58,773 
7,833 
23,601 
6,339 
54,431 
1,866 
75,094 
16,718 
577 
5,085 
13,062 
6,618 
2,363 
4,494 
88,738 
401 
19,072 
683,173

2,087 
10,596 
43,014 
5,010 
5,772 
7,150 
2,334 
2,519 
18,892 
11,311 
233 
824 
741 
2,593 
23,449 
1,907 
10,418 
6,373 
573 
41,903 
6,270 
11,989 
2,337 
27,042 
1,024 
87,930 
8,454 
222 
3,113 
6,940 
2,737 
756 
2,740 
59,331 
159 
10,141 
428,884

221 
1,239 
6,555 
782 
923 
1,399 
438 
540 
3,247 
2,230 
30 
98 
40 
321 
3,733 
332 
2,116 
945 
109 
7,720 
639 
1,883 
189 
4,283 
150 
17,358 
733 
25 
436 
1,066 
466 
108 
406 
6,692 
34 
1,664 
69,150 

9,983 
44,544 
204,659 
20,852 
26,583 
35,099 
11,515 
13,380 
82,686 
61,139 
1,203 
4,313 
4,000 
10,139 
109,925 
9,071 
49,077 
33,400 
3,962 
189,289 
25,511 
56,979 
11,918 
132,993 
4,509 
367,178 
39,166 
1,217 
14,682 
30,398 
14,200 
4,591 
12,624 
242,925 
892 
45,780 
1,930,382

VOTER REGISTRATION BY CONGRESSIONAL DISTRICTS 

2007 NOVEMBER SPECIAL ELECTION 

 

Democrats 

Republicans 

6,455 
8,371 
9,073 
88,738 
19,072 
131,709 

4,707 
5,246 
34,312 
544 
2,175 
2,158 
3,175 
46,148 
3,836 
15,520 
16,582 
2,232 
6,339 
1,866 
577 
13,062 
6,618 
2,363 
4,494 
401 
172,355 

27,672 
61,971 
89,643 

8,903 
12,514 
5,829 
28,108 
6,608 
58,773 
23,601 
144,336 

5,684 
51,329 
7,833 
54,431 
4,050 
16,718 
5,085 
145,130 

683,173 

NAV’s 

5,010 
5,772 
10,941 
59,331 
10,141 
91,195 

2,087 
2,334 
18,892 
233 
824 
741 
2,593 
23,449 
1,907 
6,486 
6,373 
573 
2,337 
1,024 
222 
6,940 
2,737 
756 
2,740 
159 
83,407 

16,423 
73,278 
89,701 

6,752 
7,150 
2,519 
11,311 
3,932 
41,903 
11,989 
85,556 

3,844 
26,591 
6,270 
27,042 
3,711 
8,454 
3,113 
79,025 

428,884 

Others 

782 
923 
2,112 
6,692 
1,664 
12,173 

221 
438 
3,247 
30 
98 
40 
321 
3,733 
332 
1,268 
945 
109 
189 
150 
25 
1,066 
466 
108 
406 
34 
13,226 

2,621 
14,670 
17,291 

798 
1,399 
540 
2,230 
848 
7,720 
1,883 
15,418 

441 
3,934 
639 
4,283 
576 
733 
436 
11,042 

69,150 

Total 

20,852 
26,583 
47,309 
242,925 
45,780 
383,449 

9,983 
11,515 
82,686 
1,203 
4,313 
4,000 
10,139 
109,925 
9,081 
32,642 
33,400 
3,962 
11,918 
4,509 
1,217 
30,398 
14,200 
4,591 
12,624 
892 
393,188 

75,097 
302,995 
378,092 

28,430 
35,099 
13,380 
61,139 
16,435 
189,289 
56,979 
400,751 

16,114 
129,562 
25,511 
132,993 
16,874 
39,166 
14,682 
374,902 

1,930,382 

 

 
1st Congressional District 
  Clatsop .................................................... 
  Columbia ................................................ 
  Multnomah............................................. 
  Washington ............................................ 
  Yamhill.................................................... 
 
TOTAL.......................................... 

 

2nd Congressional District 
 
Baker........................................................ 
  Crook....................................................... 
  Deschutes................................................ 
  Gilliam..................................................... 
  Grant........................................................ 
  Harney..................................................... 
  Hood River ............................................. 
Jackson .................................................... 
 
Jefferson .................................................. 
 
 
Josephine................................................. 
  Klamath................................................... 
 
Lake ......................................................... 
  Malheur................................................... 
  Morrow ................................................... 
 
Sherman .................................................. 
  Umatilla .................................................. 
  Union....................................................... 
  Wallowa .................................................. 
  Wasco ...................................................... 
  Wheeler ................................................... 
 
TOTAL.......................................... 

 

3rd Congressional District 
  Clackamas............................................... 
  Multnomah............................................. 
 
TOTAL.......................................... 

 

4th Congressional District 
 
Benton ..................................................... 
  Coos ......................................................... 
  Curry ....................................................... 
  Douglas ................................................... 
Josephine................................................. 
 
Lane ......................................................... 
 
 
Linn.......................................................... 
TOTAL.......................................... 
 
 

5th Congressional District 
 
Benton ..................................................... 
  Clackamas............................................... 
 
Lincoln..................................................... 
  Marion..................................................... 
  Multnomah............................................. 
Polk.......................................................... 
 
 
Tillamook................................................ 
TOTAL.......................................... 
 
 

8,605 
11,517 
25,183 
88,164 
14,903 
148,372 

2,968 
3,497 
26,235 
396 
1,216 
1,061 
4,050 
36,595 
2,996 
9,368 
9,500 
1,048 
3,053 
1,469 
393 
9,330 
4,379 
1,364 
4,984 
298 
124,200 

28,381 
153,076 
181,457 

11,977 
14,036 
4,492 
19,490 
5,047 
80,893 
19,506 
155,441 

6,145 
47,708 
10,769 
47,237 
8,537 
13,261 
6,048 
139,705 

 

 

GRAND TOTAL ........................ 

749,175 

VOTER REGISTRATION BY SENATORIAL AND REPRESENTATIVE DISTRICTS 

2007 NOVEMBER SPECIAL ELECTION 

 

Senatorial Districts 

Senatorial 
District 
1 

2 

3 

4 

5 

6 

7 

8 

9 

10 

11 

12 

13 

14 

15 
16 

Representative 
District 
1 
2 
3 
4 
5 
6 
7 
8 
9 
10 
11 
12 
13 
14 
15 
16 
17 
18 
19 
20 
21 
22 
23 
24 
25 
26 
27 
28 
29 
30 
31 

Democrats  Republicans 

NAV’s 

Others 

Total 

 

22,741 

21,177 

25,066 

28,155 

27,098 

27,230 

27,949 

24,627 

20,452 

22,649 

16,068 

21,826 

20,726 

24,472 

20,248 
28,507 

29,912 

33,933 

26,254 

22,046 

22,182 

21,675 

21,930 

22,397 

26,949 

26,962 

13,749 

27,780 

29,345 

20,676 

20,728 
22,763 

13,156 

15,428 

14,662 

14,307 

14,291 

14,142 

15,593 

14,589 

12,751 

13,315 

8,936 

14,204 

14,210 

14,717 

14,494 
15,400 

2,614 

2,771 

2,494 

2,964 

2,223 

2,384 

2,750 

1,880 

2,069 

1,786 

1,496 

1,908 

1,810 

1,674 

1,922 
2,338 

68,423 

73,309 

68,476 

67,472 

65,794 

65,431 

68,222 

63,493 

62,221 

64,712 

40,249 

65,718 

66,091 

61,539 

 
 
 
 
 
 
 
 
 
 
 
 
 
 
 

 
Senatorial 
District 
17 

18 

19 

20 

21 

22 

23 

24 

25 

26 

27 

28 

29 

30 

Democrats 

Republicans 

NAV’s 

Others 

Total 

28,104 

30,562 

26,887 

26,340 

36,223 

37,102 

35,610 

24,650 

22,136 

24,357 

25,814 

18,154 

16,542 

17,703 

20,990 

18,772 

26,627 

23,863 

9,840 

7,027 

11,550 

17,223 

18,633 

24,809 

33,545 

31,253 

23,909 

25,851 

17,829 

14,999 

14,500 

13,847 

17,857 

15,784 

15,304 

12,986 

12,659 

14,895 

18,573 

12,515 

11,457 

11,484 

2,214 

2,275 

1,813 

2,237 

3,963 

3,432 

3,027 

2,191 

2,262 

2,299 

3,183 

1,954 

1,790 

1,427 

69,137 

66,608 

69,827 

66,287 

67,883 

63,345 

65,491 

57,050 

55,690 

66,360 

81,115 

63,876 

53,698 

56,059 

57,392 
69,008  GRAND 
TOTAL 

749,175 

683,173 

428,884 

69,150 

1,930,382 

Democrats  Republicans  NAV’s 

Others 

Total

  Representative 

Democrats

Republicans 

NAV’s 

Others

Total

 

Representative Districts 

 

12,041 
10,700 
10,853 
10,324 
15,346 
9,720 
11,571 
16,584 
13,220 
13,878 
15,514 
11,716 
14,838 
13,111 
11,768 
12,859 
10,390 
10,062 
10,797 
11,852 
9,301 
6,767 
11,114 
10,712 
9,441 
11,285 
13,741 
10,731 
8,752 
11,496 
14,873 

14,658 
15,254 
16,236 
17,697 
11,383 
14,871 
14,498 
7,548 
11,610 
10,572 
12,817 
8,858 
10,380 
11,550 
13,882 
8,515 
13,323 
13,626 
13,520 
13,442 
7,862 
5,887 
14,571 
13,209 
13,240 
16,105 
11,683 
8,993 
8,422 
12,306 
10,412 

6,695 
6,461 
7,839 
7,589 
8,195 
6,467 
6,689 
7,618 
6,311 
7,980 
7,493 
6,649 
7,898 
7,695 
7,134 
7,455 
6,358 
6,393 
6,312 
7,003 
5,145 
3,791 
7,215 
6,989 
6,012 
8,198 
7,513 
7,204 
5,896 
8,598 
7,595 

1,353 
1,261 
1,591 
1,180 
1,516 
978 
1,347 
1,617 
1,276 
947 
1,261 
1,123 
1,496 
1,254 
928 
952 
1,038 
1,031 
986 
800 
891 
605 
789 
1,119 
907 
903 
835 
839 
860 
1,062 
1,210 

District 

34,747 
  32 
33,676   33 
36,519   34 
36,790   35 
36,440   36 
32,036   37 
34,105   38 
33,367   39 
32,417   40 
33,377   41 
37,085   42 
28,346   43 
34,612   44 
33,610   45 
33,712   46 
29,781   47 
31,109   48 
31,112   49 
31,615   50 
33,097   51 
23,199   52 
17,050   53 
33,689   54 
32,029   55 
29,600   56 
36,491   57 
33,772   58 
27,767   59 
23,930   60 
33,462
34,090   GRAND 
TOTAL 

13,634
17,084
11,020
12,244
18,318
11,709
15,178
12,497
13,843
16,547
19,676
21,043
16,059
18,630
16,980
12,847
11,803
10,605
11,531
11,735
12,622
12,151
13,663
9,877
8,277
8,789
7,753
10,529
7,174

12,351 
11,570 
9,420 
11,870 
6,902 
13,976 
12,651 
13,438 
10,425 
6,736 
3,104 
2,924 
4,103 
6,226 
5,324 
8,241 
8,982 
8,156 
10,477 
12,407 
12,402 
18,074 
15,471 
16,220 
15,033 
13,561 
10,348 
12,417 
13,434 

7,805 
10,322 
7,507 
7,267 
7,732 
7,289 
7,211 
7,148 
6,699 
7,912 
9,945 
8,535 
7,249 
7,263 
8,041 
6,026 
6,960 
6,223 
6,436 
7,010 
7,885 
8,523 
10,050 
6,899 
5,616 
5,872 
5,585 
6,257 
5,227 

1,128
1,391
823
835
1,440
846
967
1,154
1,083
1,502
2,461
1,960
1,472
1,368
1,659
1,016
1,175
1,201
1,061
1,084
1,215
1,429
1,754
1,148
806
950
840
967
460

34,918
40,367
28,770
32,216
34,392
33,820
36,007
34,237
32,050
32,697
35,186
34,462
28,883
33,487
32,004
28,130
28,920
26,185
29,505
32,236
34,124
40,177
40,938
34,144
29,732
29,172
24,526
29,764
26,295

749,175

683,173 

428,884 

69,150

1,930,382

VOTER REGISTRATION AND PARTICIPATION 

2007 NOVEMBER SPECIAL ELECTION 

 

 
f
o
 
r
e
b
m
u
N

 

d
e
r
e
t
s
i
g
e
R

 
s
t
a
r
c
o
m
e
D

 

 
f
o
 
r
e
b
m
u
N

 
s
t
a
r
c
o
m
e
D

 

g
n
i
t
o
V

 

 
c
i
t
a
r
c
o
m
e
D

 
f
o
 
t
n
e
c
r
e
P

 

n
o
i
t
a
p
i
c
i
t
r
a
P

 

 
f
o
 
r
e
b
m
u
N

 

d
e
r
e
t
s
i
g
e
R

 
s
n
a
c
i
l
b
u
p
e
R

 

 
s
n
a
c
i
l
b
u
p
e
R

 
f
o
 
r
e
b
m
u
N

 

g
n
i
t
o
V

 

 

n
a
c
i
l
b
u
p
e
R

 
f
o
 
t
n
e
c
r
e
P

 

n
o
i
t
a
p
i
c
i
t
r
a
P

 

 
f
o
 
r
e
b
m
u
N

 

d
e
r
e
t
s
i
g
e
R

 
s
'
V
A
N

 

2,968 
18,122 
76,089 
8,605 
11,517 
14,036 
3,497 
4,492 
26,235 
19,490 
396 
1,216 
1,061 
4,050 
36,595 
2,996 
14,415 
9,500 
1,048 
80,893 
10,769 
19,506 
3,053 
47,237 
1,469 
186,796 
13,261 
393 
6,048 
9,330 
4,379 
1,364 
4,984 
88,164 
298 
14,903 
 
749,175 

2,216 
12,987 
50,184 
6,135 
8,064 
9,378 
2,511 
3,202 
16,189 
12,899 
290 
820 
760 
2,968 
24,173 
1,973 
9,114 
5,884 
685 
54,784 
7,777 
12,957 
1,643 
32,110 
920 
119,648 
9,000 
257 
4,426 
5,020 
2,920 
1,021 
3,356 
54,814 
221 
10,670 
 
491,976 

74.66%
71.66%
65.95%
71.30%
70.02%
66.81%
71.80%
71.28%
61.71%
66.18%
73.23%
67.43%
71.63%
73.28%
66.06%
65.85%
63.23%
61.94%
65.36%
67.72%
72.22%
66.43%
53.82%
67.98%
62.63%
64.05%
67.87%
65.39%
73.18%
53.80%
66.68%
74.85%
67.34%
62.17%
74.16%
71.60%

4,707
14,587
79,001
6,455
8,371
12,514
5,246
5,829
34,312
28,108
544
2,175
2,158
3,175
46,148
3,836
22,128
16,582
2,232
58,773
7,833
23,601
6,339
54,431
1,866
75,094
16,718
577
5,085
13,062
6,618
2,363
4,494
88,738
401
19,072

3,451
9,726
49,788
4,426
5,569
8,091
3,508
4,020
20,510
18,288
354
1,426
1,479
2,278
28,653
2,698
13,891
10,195
1,481
38,819
5,529
15,276
3,530
36,700
1,189
45,728
11,020
382
3,592
6,930
4,256
1,689
3,034
54,053
297
13,332

 

 

 

65.67% 683,173

435,188

73.32%
66.68%
63.02%
68.57%
66.53%
64.66%
66.87%
68.97%
59.78%
65.06%
65.07%
65.56%
68.54%
71.75%
62.09%
70.33%
62.78%
61.48%
66.35%
66.05%
70.59%
64.73%
55.69%
67.42%
63.72%
60.89%
65.92%
66.20%
70.64%
53.05%
64.31%
71.48%
67.51%
60.91%
74.06%
69.90%

2,087 
10,596 
43,014 
5,010 
5,772 
7,150 
2,334 
2,519 
18,892 
11,311 
233 
824 
741 
2,593 
23,449 
1,907 
10,418 
6,373 
573 
41,903 
6,270 
11,989 
2,337 
27,042 
1,024 
87,930 
8,454 
222 
3,113 
6,940 
2,737 
756 
2,740 
59,331 
159 
10,141 
 
63.70% 428,884 

 

 

g
n
i
t
o
V
 
s
'
V
A
N

 

 
f
o
 
r
e
b
m
u
N

1,063
5,758
20,415
2,531
2,918
3,378
1,076
1,338
8,271
5,326
131
402
360
1,467
10,918
826
4,520
2,635
291
20,131
3,389
5,784
813
13,136
449
40,896
4,045
93
1,589
2,399
1,239
405
1,289
27,164
94
5,529

 

V
A
N

 
f
o
 
t
n
e
c
r
e
P

 

n
o
i
t
a
p
i
c
i
t
r
a
P

 

50.93%
54.34%
47.46%
50.52%
50.55%
47.24%
46.10%
53.12%
43.78%
47.09%
56.22%
48.79%
48.58%
56.58%
46.56%
43.31%
43.39%
41.35%
50.79%
48.04%
54.05%
48.24%
34.79%
48.58%
43.85%
46.51%
47.85%
41.89%
51.04%
34.57%
45.27%
53.57%
47.04%
45.78%
59.12%
54.52%

 

202,068

47.11%

County 
 
Baker 
Benton 
Clackamas 
Clatsop 
Columbia 
Coos 
Crook 
Curry 
Deschutes 
Douglas 
Gilliam 
Grant 
Harney 
Hood River 
Jackson 
Jefferson 
Josephine 
Klamath 
Lake 
Lane 
Lincoln 
Linn 
Malheur 
Marion 
Morrow 
Multnomah 
Polk 
Sherman 
Tillamook 
Umatilla 
Union 
Wallowa 
Wasco 
Washington 
Wheeler 
Yamhill 
 

TOTAL 

 

 

VOTER REGISTRATION AND PARTICIPATION 

2007 NOVEMBER SPECIAL ELECTION 

 
f
o
 
r
e
b
m
u
N

 
"
r
e
h
t
O

"

 
s
n
o
i
t
a
r
t
s
i
g
e
R

 

221 
1,239 
6,555 
782 
923 
1,399 
438 
540 
3,247 
2,230 
30 
98 
40 
321 
3,733 
332 
2,116 
945 
109 
7,720 
639 
1,883 
189 
4,283 
150 
17,358 
733 
25 
436 
1,066 
466 
108 
406 
6,692 
34 
1,664 
 
69,150 

County 
 
Baker 
Benton 
Clackamas 
Clatsop 
Columbia 
Coos 
Crook 
Curry 
Deschutes 
Douglas 
Gilliam 
Grant 
Harney 
Hood River 
Jackson 
Jefferson 
Josephine 
Klamath 
Lake 
Lane 
Lincoln 
Linn 
Malheur 
Marion 
Morrow 
Multnomah 
Polk 
Sherman 
Tillamook 
Umatilla 
Union 
Wallowa 
Wasco 
Washington 
Wheeler 
Yamhill 
 

TOTAL 

 

 

 

 
f
o
 
t
n
e
c
r
e
P

 
"
r
e
h
t
O

"

 

n
o
i
t
a
p
i
c
i
t
r
a
P

 

 

n
o
i
t
a
r
t
s
i
g
e
R

 

 
l
a
t
o
T

9,983
65.61%
56.26%
44,544
47.31% 204,659
53.96%
20,852
26,583
56.45%
35,099
51.32%
11,515
60.05%
60.37%
13,380
82,686
46.01%
61,139
46.41%
1,203
46.67%
56.12%
4,313
4,000
45.00%
58.88%
10,139
46.16% 109,925
49.10%
9,071
49,077
48.35%
33,400
47.72%
66.06%
3,962
49.05% 189,289
25,511
58.06%
56,979
50.88%
48.15%
11,918
50.67% 132,993
54.67%
4,509
48.43% 367,178
39,166
51.16%
40.00%
1,217
14,682
60.78%
30,398
39.40%
14,200
48.50%
64.81%
4,591
47.54%
12,624
47.52% 242,925
892
67.65%
55.35%
45,780

 
f
o
 
r
e
b
m
u
N

 
l
a
t
o
T

 
t
s
a
C
 
s
e
t
o
V

 

6,875
29,168
123,488
13,514
17,072
21,565
7,358
8,886
46,464
37,548
789
2,703
2,617
6,902
65,467
5,660
28,548
19,165
2,529
117,521
17,066
34,975
6,077
84,116
2,640
214,678
24,440
742
9,872
14,769
8,641
3,185
7,872
139,211
635
30,452

 
l
a
t
o
T
 
f
o
 
t
n
e
c
r
e
P

 

n
o
i
t
a
p
i
c
i
t
r
a
P

 

68.87% 
65.48% 
60.34% 
64.81% 
64.22% 
61.44% 
63.90% 
66.41% 
56.19% 
61.41% 
65.59% 
62.67% 
65.43% 
68.07% 
59.56% 
62.40% 
58.17% 
57.38% 
63.83% 
62.09% 
66.90% 
61.38% 
50.99% 
63.25% 
58.55% 
58.47% 
62.40% 
60.97% 
67.24% 
48.59% 
60.85% 
69.37% 
62.36% 
57.31% 
71.19% 
66.52% 

 

g
n
i
t
o
V
 
"
s
r
e
h
t
O

"

 
f
o
 
r
e
b
m
u
N

 

145
697
3,101
422
521
718
263
326
1,494
1,035
14
55
18
189
1,723
163
1,023
451
72
3,787
371
958
91
2,170
82
8,406
375
10
265
420
226
70
193
3,180
23
921

 

 

 

 

33,978

49.14% 1,930,382 1,163,210

60.26% 

COMPARATIVE VOTER REGISTRATION 

Primary Elections 

Percent
53.5 
54.9 
55.2 
54.7 
56.7 
57.0 
56.5 
55.3 
51.9 
49.6 
50.5 
48.8 
49.2 
47.7 
45.8 
43.9 
41.4 
40.8 
40.0 
39.2 
39.1 
38.8 

Percent
54.9 
54.6 
54.5 
54.6 
56.3 
57.1 
55.9 
54.4 
50.0 
49.5 
49.2 
48.5 
48.3 
46.9 
44.6 
42.9 
41.0 
40.3 
39.4 
39.0 
38.7 
38.8 

Republicans 
383,752 
399,297 
428,626 
437,188 
464,797 
481,599 
473,779 
486,541 
503,440 
528,495 
527,041 
564,230 
538,273 
558,554 
585,637 
626,407 
681,221 
693,890 
657,303 
669,994 
675,434 
711,619 

Republicans 
402,336 
412,586 
420,943 
410,693 
473,907 
439,667 
497,297 
511,621 
564,771 
551,718 
594,387 
587,154 
590,648 
570,933 
642,206 
665,956 
714,548 
704,593 
699,179 
680,444 
761,717 
706,365 

Percent
45.0 
43.2 
43.0 
43.0 
40.1 
38.6 
36.2 
35.0 
36.6 
36.8 
36.2 
38.6 
39.4 
38.9 
37.9 
36.2 
36.8 
36.4 
36.4 
36.4 
36.3 
36.2 

 

 

NAV's 
 
 
 
 
 
 
 
 
 
 
 
 
 
189,200 
242,966 
323,454 
357,986 
392,045 
377,783 
390,889 
394,789 
426,392 

General Elections 

 

Percent
43.2 
43.4 
43.3 
43.0 
39.6 
38.5 
35.0 
34.5 
36.0 
36.4 
37.0 
39.1 
38.6 
38.7 
36.2 
36.3 
36.4 
35.8 
35.8 
36.3 
35.6 
35.7 

NAV's 
 
 
 
 
 
 
 
 
 
 
 
 
 
16,917 
321,532 
351,136 
400,248 
420,314 
428,406 
400,162 
477,682 
436,374 

 
 
 
 
 
 
 
 
 
 
 
 
 

 
 
 
 
 
 
 
 
 
 
 
 
 

Percent
 
 
 
 
 
 
 
 
 
 
 
 
 
13.1 
17.8 
18.7 
19.3 
20.6 
20.9 
21.3 
21.2 
21.7 

Percent
 
 
 
 
 
 
 
 
 
 
 
 
 
10.9 
18.1 
19.2 
20.4 
21.4 
21.9 
21.4 
22.3 
22.1 

Others 
13,065 
17,441 
17,915 
23,640 
37,342 
55,459 
95,848 
135,547 
158,031 
195,471 
193,434 
185,719 
156,007 
4,346 
7,681 
19,843 
45,589 
43,749 
49,161 
58,167 
63,463 
65,398 

Others 
18,152 
19,011 
20,834 
23,104 
50,059 
50,992 
128,631 
162,536 
220,322 
213,771 
222,098 
186,913 
200,341 
52,550 
19,127 
28,692 
42,073 
49,104 
57,226 
62,549 
72,653 
66,368 

Percent
1.5 
1.9 
1.8 
2.3 
3.2 
4.4 
7.3 
9.3 
11.5 
13.6 
13.3 
12.6 
11.4 
0.3 
0.5 
1.1 
2.5 
2.3 
2.7 
3.2 
3.4 
3.3 

Percent
1.9 
2.0 
2.2 
2.4 
4.1 
4.5 
9.1 
11.0 
14.0 
14.1 
13.8 
12.4 
13.1 
3.5 
1.1 
1.6 
2.1 
2.5 
2.9 
3.3 
3.4
3.4 

Year   
1964   
1966   
1968   
1970   
1972   
1974   
1976   
1978   
1980   
1982   
1984   
1986   
1988   
1990   
1992   
1994   
1996   
1998   
2000   
2002   
2004   
2006   

Year   
1964   
1966   
1968   
1970   
1972   
1974   
1976   
1978   
1980   
1982   
1984   
1986   
1988   
1990   
1992   
1994   
1996   
1998   
2000   
2002   
2004   
2006   

Democrats 
456,508 
507,603 
550,121 
557,189 
656,572 
711,538 
740,621 
767,917 
715,102 
713,727 
736,592 
708,351 
672,014 
685,352 
707,069 
760,858 
766,703 
776,993 
723,833 
720,022 
729,233 
762,530 

Democrats 
511,973 
518,228 
530,074 
521,662 
673,710 
652,414 
794,218 
808,182 
784,129 
751,100 
792,208 
728,177 
737,489 
692,100 
792,551 
786,990 
805,286 
791,970 
769,195 
729,460 
829,197 
767,562 

Total
854,102
853,325
924,341
996,662
1,018,017
1,158,711
1,248,596
1,310,248
1,390,005
1,376,573
1,437,693
1,457,067
1,458,300
1,366,294
1,437,452
1,543,353
1,730,562
1,851,499
1,906,677
1,808,080
1,862,919
1,965,939

Total
932,461
949,825
971,851
955,459
1,197,676
1,143,073
1,420,146
1,482,339
1,569,222
1,516,589
1,608,693
1,502,244
1,528,478
1,332,500
1,775,416
1,832,774
1,962,155
1,965,981
1,954,006
1,872,615
2,141,249
1,976,669

COMPARATIVE VOTER PARTCIPATION 

Primary Elections 

 
 
Year 

 

Democrats 

   

Republicans 

NAV’s 

Others 

   

Regis- 
tration  Voted 

 

Per- 
cent 

Regis- 
tration  Voted 

 

Per- 
cent 

Regis- 
tration  Voted 

 

Per- 
cent 

Regis- 
tration  Voted 

 

Per- 
cent 

Regis- 
tration 

456,508 
507,603 
550,121 
557,189 
656,572 
711,538 
740,621 
767,917 
715,102 
713,727 
736,592 
708,351 
672,014 
685,352 
707,069 
760,858 
766,703 
776,993 
723,833 
720,022 
729,233 
762,530 

305,583 
267,808 
394,454 
300,012 
420,523 
330,163 
451,452 
315,515 
404,986 
346,474 
416,507 
339,323 
401,473 
324,922 
383,319 
306,137 
327,064 
309,640 
406,742 
374,246 
394,439 
333,086 

292,539 
1964 
244,148 
1966 
324,023 
1968 
260,914 
1970 
301,510 
1972 
251,147 
1974 
312,752 
1976 
259,145 
1978 
329,770 
1980 
274,168 
1982 
297,664 
1984 
308,950 
1986 
302,875 
1988 
283,132 
1990 
311,417 
1992 
293,975 
1994 
304,572 
1996 
279,898 
1998 
378,215 
2000 
357,764 
2002 
348,660 
2004 
2006 
318,376 
* "Others Voting" total includes NAVs voting nonpartisan. 

383,752 
399,297 
428,626 
437,188 
464,797 
481,599 
473,779 
486,541 
503,440 
528,495 
527,041 
564,230 
538,273 
558,554 
585,637 
626,407 
681,221 
693,890 
657,303 
669,994 
675,434 
711,619 

66.9 
52.8 
71.7 
53.8 
64.0 
46.4 
61.0 
41.1 
56.5 
48.5 
56.5 
47.9 
59.7 
47.4 
54.2 
40.2 
42.7 
39.9 
56.2 
52.0 
54.1 
43.7 

76.2 
61.1 
75.6 
59.7 
64.8 
52.1 
66.0 
53.3 
65.5 
51.9 
56.5 
54.8 
56.3 
50.7 
53.2 
46.0 
44.7 
40.3 
57.5 
53.4 
51.6 
44.7 

 
 
 
 
 
 
 
 
 
 
 
 
 

 
 
 
 
 
 
 
 
 
 
 
 
 

 
 
 
 
 
 
 
 
 
 
 
 
 

189,200 
243,091 
283,585 
357,986 
392,045 
377,783 
390,889 
394,789 
426,392 

25,876 
28,254 
50,925 
61,395 
67,583 
119,192 
109,905 
104,441 
91,718 

13.1 
11.6 
17.96 
17.2 
17.2 
31.6 
28.1 
26.5 
21.5 

13,065 
17,441 
17,915 
23,640 
37,342 
55,459 
95,848 
135,547 
158,031 
195,471 
193,434 
185,719 
156,007 
4,356 
7,518 
59,712 
45,589 
43,749 
49,161 
58,165 
63,463 
65,398 

5,145 
4,821 
6,954 
7,625 
12,518 
11,862 
34,782 
28,818 
45,911 
48,887 
53,394 
45,548 
48,764 
27,060 
35,469 
10,680 
5,959 
6,574 
14,446 
16,610 
17,295 
15,213 

39.4 
27.6 
38.8 
32.3 
33.5 
21.4 
36.3 
21.3 
29.1 
25.0 
27.6 
24.5 
31.3 

* 
* 

17.9 
13.1 
15.0 
29.4 
28.6 
27.3 
23.3 

853,325 
924,341 
996,662 
1,018,017 
1,158,711 
1,248,596 
1,310,248 
1,390,005 
1,376,573 
1,437,693 
1,457,067 
1,458,300 
1,366,294 
1,437,462 
1,543,315 
1,730,562 
1,851,499 
1,906,677 
1,808,080 
1,839,070 
1,862,919 
1,965,939 

General Elections 

Total 
 

Voted 

603,267 
516,777 
725,431 
568,551 
734,551 
593,172 
798,986 
603,478 
780,667 
669,529 
767,565 
693,821 
753,112 
660,990 
758,459 
661,717 
698,990 
665,340 
927,351 
858,524 
864,833 
758,393 

Total 
 

Voted 

Per- 
cent 

70.7 
55.9 
72.8 
55.8 
63.4 
47.5 
61.0 
43.3 
56.7 
46.6 
52.7 
47.6 
55.1 
46.1 
49.1 
38.2 
37.8 
34.9 
51.3 
46.7 
46.4 
38.6 

Per- 
cent 

84.8 
73.0 
84.8 
71.3 
79.6 
69.3 
72.8 
63.2 
77.1 
70.2 
78.7 
72.4 
80.8 
76.7 
84.4 
68.4 
71.3 
59.0 
79.8 
69.1 
86.5 
70.8 

 
 
Year 

1964 
1966 
1968 
1970 
1972 
1974 
1976 
1978 
1980 
1982 
1984 
1986 
1988 
1990 
1992 
1994 
1996 
1998 
2000 
2002 
2004 
2006 

 

Democrats 

   

Republicans 

NAV’s 

Others 

   

Regis- 
tration  Voted 

 

Per- 
cent 

Regis- 
tration  Voted 

 

Per- 
cent 

Regis- 
tration  Voted 

 

Per- 
cent 

Regis- 
tration  Voted 

 

Per- 
cent 

Regis- 
tration 

511,973 
518,228 
530,074 
521,662 
673,710 
652,414 
794,218 
808,182 
784,129 
751,100 
792,208 
728,177 
737,489 
692,100 
792,551 
786,990 
805,286 
791,970 
769,195 
729,460 
829,197 
767,562 

434,958 
363,864 
439,706 
360,962 
521,190 
443,039 
573,997 
498,916 
599,515 
537,552 
626,345 
537,578 
603,076 
539,621 
662,500 
554,840 
604,147 
502,210 
637,391 
530,708 
736,398 
579,060 

84.9 
70.2 
83.0 
69.2 
77.4 
67.9 
72.3 
61.7 
76.4 
71.6 
79.1 
73.8 
81.8 
78.0 
83.6 
70.5 
75.0 
63.4 
82.9 
72.8 
88.8 
75.4 

402,336 
412,586 
420,943 
410,693 
473,907 
439,667 
497,297 
511,621 
564,771 
551,718 
594,387 
587,154 
590,648 
570,933 
642,206 
665,956 
714,548 
704,593 
699,179 
680,444 
761,717 
706,365 

343,001 
317,545 
368,887 
297,234 
394,604 
322,157 
385,785 
358,873 
462,050 
411,104 
493,239 
441,881 
492,527 
456,657 
542,237 
498,810 
561,376 
466,812 
598,507 
517,243 
683,225 
533,650 

 

85.2 
77.0 
87.5 
72.4 
83.3 
73.3 
77.6 
70.1 
81.8 
74.5 
83.1 
75.3 
83.4 
80.0 
84.4 
74.9 
78.6 
66.3 
85.6 
76.0 
89.7 
75.6 

 
 
 
 
 
 

 
 
 
 
 
 

 

 
 
 
 
 
 

 
 
 
 
 
 

 

 
 
 
 
 
 

 
 
 
 
 
 

160,917 
321,532 
334,073 
400,248 
420,314 
428,406 
400,162 
477,682 
436,374 

102,443 
243,328 
179,622 
214,843 
173,966 
288,562 
213,657 
376,758 
248,655 

63.7 
75.7 
53.8 
53.7 
41.4 
67.4 
53.4 
78.9 
57.0 

18,152 
19,011 
20,834 
23,104 
50,059 
50,992 
128,631 
162,536 
220,322 
213,771 
222,098 
186,913 
200,341 
52,550 
19,127 
45,755 
42,073 
49,104 
57,226 
62,549 
72,653 
66,368 

13,286 
12,387 
15,969 
13,682 
37,582 
27,361 
88,779 
79,634 
148,126 
115,257 
146,240 
108,681 
139,596 
34,404 
14,249 
20,993 
18,814 
17,412 
34,755 
32,153 
55,288 
37,925 

73.2 
65.2 
76.6 
59.2 
75.1 
53.7 
69.0 
48.9 
67.2 
53.9 
65.9 
58.2 
69.7 
65.5 
74.5 
45.9 
44.7 
35.5 
60.7 
51.4 
76.1 
57.1 

791,245 
932,461 
693,796 
949,825 
824,562 
971,851 
671,878 
955,459 
953,376 
1,197,676 
1,143,073 
792,557 
1,420,146  1,048,561 
1,482,339 
937,423 
1,569,222  1,209,691 
1,516,589  1,063,913 
1,608,693  1,265,824 
1,502,244  1,088,140 
1,528,478  1,235,199 
1,476,500  1,133,125 
1,775,416  1,462,314 
1,832,774  1,254,265 
1,962,155  1,399,180 
1,965,981  1,160,400 
1,954,006  1,559,215 
1,872,615  1,293,756 
2,141,249  1,851,671 
1,976,669  1,399,650 

