STATISTICAL SUMMARY 
2004 GENERAL ELECTION 

 

Population of Oregon—July 1, 2003* .................................................................................................................   3,541,500 
 
Population of voting age in Oregon* .................................................................................................................   2,665,710 
 
Individuals 18 years and older who are ineligible to vote due to legal impediments................................  
 
Estimated eligible voters in Oregon ...................................................................................................................   2,599,067 
 
Total registered voters in Oregon for 2004 General Election..........................................................................   2,141,249 
 
Percent of eligibles registered to vote ................................................................................................................  
 
Number voting on November 2, 2004................................................................................................................   1,851,671 
 
Percent of registered voters voting.....................................................................................................................  
 
* This 2003 population estimate furnished by The Center for Population Research and Census 
 

86.48% 

66,643 

82.4%   

 

County 
 
Baker .............................................. 
Benton............................................ 
Clackamas ............................... 
Clatsop........................................... 
Columbia....................................... 
Coos ............................................... 
Crook ............................................. 
Curry.............................................. 
Deschutes ...................................... 
Douglas.......................................... 
Gilliam ........................................... 
Grant .............................................. 
Harney........................................... 
Hood River.................................... 
Jackson........................................... 
Jefferson......................................... 
Josephine ....................................... 
Klamath ......................................... 
Lake................................................ 
Lane................................................ 
Lincoln........................................... 
Linn ................................................ 
Malheur ......................................... 
Marion ........................................... 
Morrow.......................................... 
Multnomah ................................... 
Polk ................................................ 
Sherman......................................... 
Tillamook ...................................... 
Umatilla......................................... 
Union ............................................. 
Wallowa ........................................ 
Wasco............................................. 
Washington................................... 
Wheeler ......................................... 
Yamhill .......................................... 

Totals 

 

VOTER REGISTRATION BY COUNTY 

2004 GENERAL ELECTION 

 

Democrats

Republicans

NAVs

Others 

Total

3,279 
20,368 
84,625 
9,413 
12,428 
15,922 
3,744 
5,005 
27,564 
22,085 
439 
1,383 
1,174 
4,480 
41,498 
3,356 
14,990 
10,713 
1,264 
87,504 
12,005 
20,725 
3,363 
51,893 
1,720 
212,723 
14,138 
430 
6,774 
10,468 
5,250 
1,528 
5,594 
95,578 
337 
15,437 
829,197

165 
1,269 
7,186 
819 
951 
1,484 
389 
538 
2,746 
2,311 
28 
115 
29 
299 
3,713 
299 
2,234 
914 
122 
8,548 
617 
1,650 
215 
4,283 
145 
20,151 
730 
20 
467 
987 
488 
81 
440 
6,662 
35 
1,523 
72,653 

10,566 
51,784 
229,503 
22,515 
28,504 
39,567 
11,665 
14,467 
86,134 
67,553 
1,295 
4,770 
4,167 
11,585 
123,299 
9,744 
50,410 
36,840 
4,569 
206,394 
28,475 
58,886 
12,604 
145,666 
5,032 
430,693 
42,313 
1,258 
16,401 
32,841 
16,207 
4,996 
14,181 
268,090 
1,010 
47,265 
2,141,249

2,061 
12,903 
49,675 
5,211 
6,161 
7,953 
2,208 
2,637 
19,630 
12,890 
257 
878 
706 
3,086 
26,474 
1,918 
10,178 
6,961 
614 
46,229 
7,021 
12,144 
2,239 
29,708 
1,176 
103,568 
9,428 
225 
3,467 
7,064 
3,240 
794 
3,046 
65,448 
185 
10,299 
477,682

5,061 
17,244 
88,017 
7,072 
8,964 
14,208 
5,324 
6,287 
36,194 
30,267 
571 
2,394 
2,258 
3,720 
51,614 
4,171 
23,008 
18,252 
2,569 
64,113 
8,832 
24,367 
6,787 
59,782 
1,991 
94,251 
18,017 
583 
5,693 
14,322 
7,229 
2,593 
5,101 
100,402 
453 
20,006 
761,717

 

VOTER REGISTRATION BY CONGRESSIONAL DISTRICTS 

2004 GENERAL ELECTION 

 

Democrats 

Republicans 

NAV’s 

5,211 
6,161 
14,056 
65,448 
10,299 
101,175 

2,061 
2,208 
19,630 
257 
878 
706 
3,086 
26,474 
1,918 
6,353 
6,961 
614 
2,239 
1,176 
225 
7,064 
3,240 
794 
3,046 
185 
89,115 

18,790 
84,997 
103,787 

8,207 
7,953 
2,637 
12,890 
3,825 
46,229 
12,144 
93,885 

4,696 
30,885 
7,021 
29,708 
4,515 
9,428 
3,467 
89,720 

477,682 

Others 

819 
951 
2,667 
6,662 
1,523 
12,622 

165 
389 
2,746 
28 
115 
29 
299 
3,713 
299 
1,325 
914 
122 
215 
145 
20 
987 
488 
81 
440 
35 
12,555 

2,856 
16,776 
19,632 

833 
1,484 
538 
2,311 
909 
8,548 
1,650 
16,273 

436 
4,330 
617 
4,283 
708 
730 
467 
11,571 

72,653 

Total 

22,515 
28,504 
57,809 
268,090 
47,265 
424,183 

10,566 
11,665 
86,134 
1,295 
4,770 
4,167 
11,585 
123,299 
9,744 
33,533 
36,840 
4,569 
12,604 
5,032 
1,258 
32,841 
16,207 
4,996 
14,181 
1,010 
426,296 

83,608 
353,043 
436,651 

33,070 
39,567 
14,467 
67,553 
16,877 
206,394 
58,886 
436,814 

18,714 
145,895 
28,475 
145,666 
19,841 
42,313 
16,401 
417,305 

2,141,249 

7,072 
8,964 
11,960 
100,402 
20,006 
148,404 

5,061 
5,324 
36,194 
571 
2,394 
2,258 
3,720 
51,614 
4,171 
16,157 
18,252 
2,569 
6,787 
1,991 
583 
14,322 
7,229 
2,593 
5,101 
453 
187,344 

30,486 
77,290 
107,776 

10,664 
14,208 
6,287 
30,267 
6,851 
64,113 
24,367 
156,757 

6,580 
57,531 
8,832 
59,782 
5,001 
18,017 
5,693 
161,436 

761,717 

 

 

 
1st Congressional District 
  Clatsop .................................................... 
  Columbia ................................................ 
  Multnomah............................................. 
  Washington ............................................ 
  Yamhill.................................................... 
 
TOTAL.......................................... 

 

2nd Congressional District 
 
Baker........................................................ 
  Crook ....................................................... 
  Deschutes................................................ 
  Gilliam..................................................... 
  Grant........................................................ 
  Harney..................................................... 
  Hood River ............................................. 
Jackson .................................................... 
 
Jefferson .................................................. 
 
 
Josephine................................................. 
  Klamath................................................... 
 
Lake.......................................................... 
  Malheur................................................... 
  Morrow ................................................... 
 
Sherman .................................................. 
  Umatilla................................................... 
  Union....................................................... 
  Wallowa .................................................. 
  Wasco ...................................................... 
  Wheeler ................................................... 
 
TOTAL.......................................... 

 

3rd Congressional District 
  Clackamas............................................... 
  Multnomah............................................. 
 
TOTAL.......................................... 

 

4th Congressional District 
 
Benton...................................................... 
  Coos ......................................................... 
  Curry ....................................................... 
  Douglas ................................................... 
Josephine................................................. 
 
Lane ......................................................... 
 
 
Linn.......................................................... 
TOTAL.......................................... 
 
 

5th Congressional District 
 
Benton...................................................... 
  Clackamas............................................... 
 
Lincoln..................................................... 
  Marion..................................................... 
  Multnomah............................................. 
Polk .......................................................... 
 
 
Tillamook................................................ 
TOTAL.......................................... 
 
 

9,413 
12,428 
29,126 
95,578 
15,437 
161,982 

3,279 
3,744 
27,564 
439 
1,383 
1,174 
4,480 
41,498 
3,356 
9,698 
10,713 
1,264 
3,363 
1,720 
430 
10,468 
5,250 
1,528 
5,594 
337 
137,282 

31,476 
173,980 
205,456 

13,366 
15,922 
5,005 
22,085 
5,292 
87,504 
20,725 
169,899 

7,002 
53,149 
12,005 
51,893 
9,617 
14,138 
6,774 
154,578 

 

 

GRAND TOTAL ........................ 

829,197 

VOTER REGISTRATION BY SENATORIAL AND REPRESENTATIVE DISTRICTS 

 

Senatorial Districts 

 
Senatorial 
District 
1 
2 
3 
4 
5 
6 
7 
8 
9 
10 
11 
12 
13 
14 
15 
16 

Representative 
District 
1 
2 
3 
4 
5 
6 
7 
8 
9 
10 
11 
12 
13 
14 
15 
16 
17 
18 
19 
20 
21 
22 
23 
24 
25 
26 
27 
28 
29 
30 
31 

Democrats  Republicans 

NAV’s 

Others 

Total 

 

25,560 
22,781 
28,230 
31,474 
30,306 
29,145 
29,825 
27,188 
22,015 
24,248 
18,261 
23,082 
22,102 
26,498 
21,921 
31,184 

32,498 
36,045 
29,906 
24,084 
24,902 
23,097 
23,962 
25,387 
28,181 
29,634 
15,868 
29,150 
31,723 
24,020 
23,298 
24,785 

14,606 
15,694 
16,676 
16,681 
15,883 
15,354 
16,663 
16,921 
13,420 
14,601 
10,143 
14,841 
15,280 
16,641 
15,800 
16,532 

2,668 
2,870 
2,512 
3,347 
2,272 
2,534 
3,042 
1,819 
2,011 
1,770 
1,557 
1,786 
1,762 
1,706 
1,695 
2,451 

75,332 
77,390 
77,324 
75,586 
73,363 
70,130 
73,492 
71,315 
65,627 
70,253 
45,829 
68,859 
70,867 
68,865 
62,714 
74,952 

Senatorial 
District 
17 
18 
19 
20 
21 
22 
23 
24 
25 
26 
27 
28 
29 
30 

Democrats  Republicans 

NAV’s 

Others 

Total 

31,164 
34,259 
30,279 
29,226 
41,602 
42,858 
39,190 
27,913 
25,281 
27,333 
27,133 
20,477 
18,966 
19,696 

24,434 
22,631 
31,083 
26,407 
12,735 
9,678 
14,970 
20,103 
21,994 
27,744 
35,405 
33,821 
26,135 
28,037 

20,302 
17,968 
17,052 
16,141 
21,970 
18,188 
16,981 
14,481 
14,668 
17,365 
19,341 
13,509 
12,274 
11,706 

2,479 
2,723 
2,103 
2,467 
4,998 
3,930 
3,353 
2,322 
2,331 
2,488 
2,686 
1,881 
1,701 
1,389 

78,379 
77,581 
80,517 
74,241 
81,305 
74,654 
74,494 
64,819 
64,274 
74,930 
84,565 
69,688 
59,076 
60,828 

 

GRAND 
TOTAL 
 

829,197 

761,717 

477,682 

72,653 

2,141,249 

Democrats Republicans

NAV’s

Others

Total

  Representative 

Democrats Republicans

NAV’s

Others

Total

Representative Districts 

 

13,476
12,084
11,218
11,563
17,269
10,961
12,798
18,676
14,947
15,359
16,521
12,624
16,171
13,654
12,460
14,728
11,167
10,848
11,439
12,809
10,575
7,686
11,858
11,224
10,145
11,957
14,856
11,642
9,509
12,412
16,133

15,899
16,599
16,860
19,185
12,908
16,998
15,355
8,729
13,090
11,812
13,377
9,720
11,692
12,270
14,672
10,715
13,732
14,449
14,683
14,951
9,156
6,712
15,307
13,843
14,356
17,367
13,449
10,571
9,242
14,056
11,201

7,308
7,298
7,603
8,091
9,449
7,227
7,256
9,425
7,008
8,875
8,047
7,307
8,744
7,919
7,456
9,465
6,414
7,006
6,662
7,939
5,840
4,303
7,748
7,093
6,522
8,758
8,449
8,192
6,395
9,405
8,018

1,375
1,293
1,699
1,171
1,599
913
1,376
1,971
1,315
957
1,304
1,230
1,745
1,297
854
965
947
1,064
948
822
921
636
748
1,038
859
903
879
827
755
940
1,259

District 

38,058   32 
37,274   33 
37,380   34 
40,010   35 
41,225   36 
36,099   37 
36,785   38 
38,801   39 
36,360   40 
37,003   41 
39,249   42 
30,881   43 
38,352   44 
35,140   45 
35,442   46 
35,873   47 
32,260   48 
33,367   49 
33,732   50 
36,521   51 
26,492   52 
19,337   53 
35,661   54 
33,198   55 
31,882   56 
38,985   57 
37,633   58 
31,232   59 
25,901   60 
36,813
36,611  GRAND 
TOTAL 
 

15,051
18,668
12,496
13,296
20,963
13,086
17,193
13,726
15,500
18,236
23,366
24,835
18,023
20,409
18,781
14,558
13,355
12,233
13,048
13,389
13,944
13,012
14,121
11,098
9,379
10,285
8,681
11,768
7,928

13,584
13,332
11,102
13,637
8,994
16,059
15,024
14,376
12,031
8,262
4,473
4,130
5,548
7,804
7,166
9,992
10,111
9,827
12,167
13,887
13,857
18,933
16,472
17,279
16,542
14,789
11,346
13,646
14,391

8,514
11,636
8,666
8,116
9,852
8,551
8,501
8,314
7,827
9,329
12,641
9,856
8,332
8,080
8,901
6,798
7,683
7,220
7,448
8,286
9,079
8,767
10,574
7,375
6,134
6,638
5,636
6,625
5,081

1,192
1,617
862
911
1,812
935
1,168
1,273
1,194
1,742
3,256
2,339
1,591
1,456
1,897
1,086
1,236
1,195
1,136
1,208
1,280
1,175
1,511
1,084
797
923
778
965
424

38,341
45,253
33,126
35,960
41,621
38,631
41,886
37,689
36,552
37,569
43,736
41,160
33,494
37,749
36,745
32,434
32,385
30,475
33,799
36,770
38,160
41,887
42,678
36,836
32,852
32,635
26,441
33,004
27,824

829,197

761,717

477,682

72,653

2,141,249

VOTER REGISTRATION AND PARTICIPATION 

2004 GENERAL ELECTION 

 
f
o
 
r
e
b
m
u
N

 

d
e
r
e
t
s
i
g
e
R

 
s
t
a
r
c
o
m
e
D

 

g
n
i
t
o
V

 
f
o
 
r
e
b
m
u
N

 
s
t
a
r
c
o
m
e
D

 
f
o
 
t
n
e
c
r
e
P

 
c
i
t
a
r
c
o
m
e
D

 

n
o
i
t
a
p
i
c
i
t
r
a
P

 
f
o
 
r
e
b
m
u
N

 

d
e
r
e
t
s
i
g
e
R

 
s
n
a
c
i
l
b
u
p
e
R

 
f
o
 
r
e
b
m
u
N

 
s
n
a
c
i
l
b
u
p
e
R

 

 

g
n
i
t
o
V

 
f
o
 
t
n
e
c
r
e
P

 

n
a
c
i
l
b
u
p
e
R

 

n
o
i
t
a
p
i
c
i
t
r
a
P

 
s
'
V
A
N

 
f
o
 
r
e
b
m
u
N

 

d
e
r
e
t
s
i
g
e
R

 
f
o
 
r
e
b
m
u
N

 

g
n
i
t
o
V
 
s
'
V
A
N

 

n
o
i
t
a
p
i
c
i
t
r
a
P

 

V
A
N

 
f
o
 
t
n
e
c
r
e
P

 

 

 

 

 

 

 

 

 

3,279 
20,368 
84,625 
9,413 
12,428 
15,922 
3,744 
5,005 
27,564 
22,085 
439 
1,383 
1,174 
4,480 
41,498 
3,356 
14,990 
10,713 
1,264 
87,504 
12,005 
20,725 
3,363 
51,893 
1,720 
212,723 
14,138 
430 
6,774 
10,468 
5,250 
1,528 
5,594 
95,578 
337 
15,437 
 
829,197 

2,887 
18,687 
74,465 
8,432 
11,256 
13,895 
3,323 
4,570 
24,463 
18,526 
397 
1,257 
1,059 
3,952 
35,890 
2,897 
13,001 
9,332 
1,089 
81,525 
10,715 
18,841 
2,902 
47,359 
1,445 
186,876 
12,215 
392 
6,040 
8,617 
4,571 
1,415 
4,957 
84,693 
312 
14,145 
 
736,398 

88.05% 
91.75% 
87.99% 
89.58% 
90.57% 
87.27% 
88.76% 
91.31% 
88.75% 
83.88% 
90.43% 
90.89% 
90.20% 
88.21% 
86.49% 
86.32% 
86.73% 
87.11% 
86.16% 
93.17% 
89.25% 
90.91% 
86.29% 
91.26% 
84.01% 
87.85% 
86.40% 
91.16% 
89.16% 
82.32% 
87.07% 
92.60% 
88.61% 
88.61% 
92.58% 
91.63% 
 
88.81% 

5,061
17,244
88,017
7,072
8,964
14,208
5,324
6,287
36,194
30,267
571
2,394
2,258
3,720
51,614
4,171
23,008
18,252
2,569
64,113
8,832
24,367
6,787
59,782
1,991
94,251
18,017
583
5,693
14,322
7,229
2,593
5,101
100,402
453
20,006

4,567
15,604
78,417
6,312
8,162
12,576
4,832
5,784
32,709
26,449
534
2,177
2,090
3,317
45,024
3,721
20,665
16,538
2,334
59,495
7,923
22,571
6,237
55,736
1,806
81,082
16,042
533
5,097
12,319
6,334
2,431
4,593
90,206
423
18,585

2,061
90.24%
12,903
90.49%
49,675
89.09%
5,211
89.25%
6,161
91.05%
7,953
88.51%
2,208
90.76%
2,637
92.00%
19,630
90.37%
12,890
87.39%
257
93.52%
878
90.94%
706
92.56%
3,086
89.17%
26,474
87.23%
1,918
89.21%
10,178
89.82%
6,961
90.61%
614
90.85%
46,229
92.80%
7,021
89.71%
12,144
92.63%
2,239
91.90%
29,708
93.23%
90.71%
1,176
86.03% 103,568
9,428
89.04%
91.42%
225
3,467
89.53%
7,064
86.01%
3,240
87.62%
93.75%
794
3,046
90.04%
65,448
89.84%
185
93.38%
92.90%
10,299

 

 

 

 

761,717

683,225

89.70% 477,682

1,533 
10,685 
38,614 
4,062 
4,904 
6,012 
1,662 
2,115 
15,293 
8,905 
213 
719 
564 
2,419 
19,572 
1,373 
7,528 
5,227 
472 
39,324 
5,459 
9,839 
1,677 
24,089 
852 
82,099 
7,066 
189 
2,609 
4,951 
2,411 
658 
2,285 
52,658 
152 
8,568 
 
376,758 

74.38% 
82.81% 
77.73% 
77.95% 
79.60% 
75.59% 
75.27% 
80.20% 
77.91% 
69.08% 
82.88% 
81.89% 
79.89% 
78.39% 
73.93% 
71.58% 
73.96% 
75.09% 
76.87% 
85.06% 
77.75% 
81.02% 
74.90% 
81.09% 
72.45% 
79.27% 
74.95% 
84.00% 
75.25% 
70.09% 
74.41% 
82.87% 
75.02% 
80.46% 
82.16% 
83.19% 

78.87% 

 

County 
 
Baker 
Benton 
Clackamas 
Clatsop 
Columbia 
Coos 
Crook 
Curry 
Deschutes 
Douglas 
Gilliam 
Grant 
Harney 
Hood River 
Jackson 
Jefferson 
Josephine 
Klamath 
Lake 
Lane 
Lincoln 
Linn 
Malheur 
Marion 
Morrow 
Multnomah 
Polk 
Sherman 
Tillamook 
Umatilla 
Union 
Wallowa 
Wasco 
Washington 
Wheeler 
Yamhill 
 

TOTAL 

 

VOTER REGISTRATION AND PARTICIPATION (continued) 

2004 GENERAL ELECTION 

County 
 
Baker 
Benton 
Clackamas 
Clatsop 
Columbia 
Coos 
Crook 
Curry 
Deschutes 
Douglas 
Gilliam 
Grant 
Harney 
Hood River 
Jackson 
Jefferson 
Josephine 
Klamath 
Lake 
Lane 
Lincoln 
Linn 
Malheur 
Marion 
Morrow 
Multnomah 
Polk 
Sherman 
Tillamook 
Umatilla 
Union 
Wallowa 
Wasco 
Washington 
Wheeler 
Yamhill 
 

TOTAL 

 

 
"
r
e
h
t
O

"

 
f
o
 
r
e
b
m
u
N

 
s
n
o
i
t
a
r
t
s
i
g
e
R

 
f
o
 
r
e
b
m
u
N

 

g
n
i
t
o
V
 
"
s
r
e
h
t
O

"

 
"
r
e
h
t
O

"

 
f
o
 
t
n
e
c
r
e
P

 

n
o
i
t
a
p
i
c
i
t
r
a
P

 
l
a
t
o
T

 

n
o
i
t
a
r
t
s
i
g
e
R

 

 
t
s
a
C
 
s
e
t
o
V

 
f
o
 
r
e
b
m
u
N

 
l
a
t
o
T

 

n
o
i
t
a
p
i
c
i
t
r
a
P

 
l
a
t
o
T
 
f
o
 
t
n
e
c
r
e
P

 

 

 

 

 

165 
1,269 
7,186 
819 
951 
1,484 
389 
538 
2,746 
2,311 
28 
115 
29 
299 
3,713 
299 
2,234 
914 
122 
8,548 
617 
1,650 
215 
4,283 
145 
20,151 
730 
20 
467 
987 
488 
81 
440 
6,662 
35 
1,523 
 
72,653 

132 
1,054 
4,975 
644 
778 
1,104 
306 
428 
2,070 
1,694 
18 
90 
22 
238 
2,540 
214 
1,469 
655 
103 
7,044 
466 
1,297 
154 
3,425 
109 
15,473 
486 
13 
348 
691 
362 
64 
305 
5,242 
29 
1,246 
 
55,288 

 

80.00% 
83.06% 
69.23% 
78.63% 
81.81% 
74.39% 
78.66% 
79.55% 
75.38% 
73.30% 
64.29% 
78.26% 
75.86% 
79.60% 
68.41% 
71.57% 
65.76% 
71.66% 
84.43% 
82.41% 
75.53% 
78.61% 
71.63% 
79.97% 
75.17% 
76.79% 
66.58% 
65.00% 
74.52% 
70.01% 
74.18% 
79.01% 
69.32% 
78.69% 
82.86% 
81.81% 
 

10,566
51,784
229,503
22,515
28,504
39,567
11,665
14,467
86,134
67,553
1,295
4,770
4,167
11,585
123,299
9,744
50,410
36,840
4,569
206,394
28,475
58,886
12,604
145,666
5,032
430,693
42,313
1,258
16,401
32,841
16,207
4,996
14,181
268,090
1010
47,265

9,121
46,030
196,471
19,450
25,100
33,587
10,123
12,897
74,535
55,574
1,162
4,243
3,735
9,926
103,026
8,205
42,663
31,752
3,998
187,388
24,563
52,548
10,970
130,609
4,212
365,530
35,809
1,127
14,094
26,578
13,678
4,568
12,140
232,799
916
42,544

86.32%
88.89%
85.61%
86.39%
88.06%
84.89%
86.78%
89.15%
86.53%
82.27%
89.73%
88.95%
89.63%
85.68%
83.56%
84.21%
84.63%
86.19%
87.50%
90.79%
86.26%
89.24%
87.04%
89.66%
83.70%
84.87%
84.63%
89.59%
85.93%
80.93%
84.40%
91.43%
85.61%
86.84%
90.69%
90.01%

 

 

76.10%  2,141,249 1,851,671

86.48%

 

Year 
1964 
1966 
1968 
1970 
1972 
1974 
1976 
1978 
1980 
1982 
1984 
1986 
1988 
1990 
1992 
1994 
1996 
1998 
2000 
2002 
2004 

 
 
 
 
 
 
 
 
 
 
 
 
 
 
 
 
 
 
 
 
 
 

Year   
1964   
1966   
1968   
1970   
1972   
1974   
1976   
1978   
1980   
1982   
1984   
1986   
1988   
1990   
1992   
1994   
1996   
1998   
2000   
2002   
2004   

Democrats 
456,508 
507,603 
550,121 
557,189 
656,572 
711,538 
740,621 
767,917 
715,102 
713,727 
736,592 
708,351 
672,014 
685,352 
707,069 
760,858 
766,703 
776,993 
723,833 
720,022 
729,233 

Democrats 
511,973 
518,228 
530,074 
521,662 
673,710 
652,414 
794,218 
808,182 
784,129 
751,100 
792,208 
728,177 
737,489 
692,100 
792,551 
786,990 
805,286 
791,970 
769,195 
729,460 
829,197 

COMPARATIVE VOTER REGISTRATION 

Primary Elections 

 

Percent 
53.5  
54.9  
55.2  
54.7  
56.7  
57.0  
56.5  
55.3  
51.9  
49.6  
50.5  
48.8  
49.2  
47.7  
45.8  
43.9  
41.4  
40.8  
40.0  
39.2  
39.10  

Percent
54.9 
54.6 
54.5 
54.6 
56.3 
57.1 
55.9 
54.4 
50.0 
49.5 
49.2 
48.5 
48.3 
46.9 
44.6 
42.9 
41.0 
40.3 
39.4 
39.0 
38.7 

Republicans 
383,752 
399,297 
428,626 
437,188 
464,797 
481,599 
473,779 
486,541 
503,440 
528,495 
527,041 
564,230 
538,273 
558,554 
585,637 
626,407 
681,221 
693,890 
657,303 
669,994 
675,434 

Republicans 
402,336 
412,586 
420,943 
410,693 
473,907 
439,667 
497,297 
511,621 
564,771 
551,718 
594,387 
587,154 
590,648 
570,933 
642,206 
665,956 
714,548 
704,593 
699,179 
680,444 
761,717 

Percent
45.0 
43.2 
43.0 
43.0 
40.1 
38.6 
36.2 
35.0 
36.6 
36.8 
36.2 
38.6 
39.4 
38.9 
37.9 
36.2 
36.8 
36.4 
36.4 
36.4 
36.3 

NAV's 
 
 
 
 
 
 
 
 
 
 
 
 
 
189,200 
242,966 
323,454 
357,986 
392,045 
377,783 
390,889 
394,789 

 
 
 

General Elections 

Percent
43.2 
43.4 
43.3 
43.0 
39.6 
38.5 
35.0 
34.5 
36.0 
36.4 
37.0 
39.1 
38.6 
38.7 
36.2 
36.3 
36.4 
35.8 
35.8 
36.3 
35.6 

 

 

NAV's 
 
 
 
 
 
 
 
 
 
 
 
 
 
16,917 
321,532 
351,136 
400,248 
420,314 
428,406 
400,162 
477,682 

 
 
 
 
 
 
 
 
 
 
 
 
 

 
 
 
 
 
 
 
 
 
 
 
 
 

Percent

 
 
 
 
 
 
 
 
 
 
 
 
 
13.1 
17.8 
18.7 
19.3 
20.6 
20.9 
21.3 
21.2 

Percent

 
 
 
 
 
 
 
 
 
 
 
 
 
10.9 
18.1 
19.2 
20.4 
21.4 
21.9 
21.4 
22.3 

Others 
13,065 
17,441 
17,915 
23,640 
37,342 
55,459 
95,848 
135,547 
158,031 
195,471 
193,434 
185,719 
156,007 
4,346 
7,681 
19,843 
45,589 
43,749 
49,161 
58,167 
63,463 

Others 
18,152 
19,011 
20,834 
23,104 
50,059 
50,992 
128,631 
162,536 
220,322 
213,771 
222,098 
186,913 
200,341 
52,550 
19,127 
28,692 
42,073 
49,104 
57,226 
62,549 
72,653 

Percent
1.5 
1.9 
1.8 
2.3 
3.2 
4.4 
7.3 
9.3 
11.5 
13.6 
13.3 
12.6 
11.4 
0.3 
0.5 
1.1 
2.5 
2.3 
2.7 
3.2 
3.4 

Percent
1.9 
2.0 
2.2 
2.4 
4.1 
4.5 
9.1 
11.0 
14.0 
14.1 
13.8 
12.4 
13.1 
3.5 
1.1 
1.6 
2.1 
2.5 
2.9 
3.3 
3.4 

Total
854,102
853,325
924,341
996,662
1,018,017
1,158,711
1,248,596
1,310,248
1,390,005
1,376,573
1,437,693
1,457,067
1,458,300
1,366,294
1,437,452
1,543,353
1,730,562
1,851,499
1,906,677
1,808,080
1,862,919

Total
932,461
949,825
971,851
955,459
1,197,676
1,143,073
1,420,146
1,482,339
1,569,222
1,516,589
1,608,693
1,502,244
1,528,478
1,332,500
1,775,416
1,832,774
1,962,155
1,965,981
1,954,006
1,872,615
2,141,249

COMPARATIVE VOTER PARTICIPATION 

Primary Elections 

Republicans 

 

 

 

 

 

Democrats 

 
Regis- 
 
tration  Voted 
Year 
292,539 
383,752 
1964 
399,297 
244,148 
1966 
324,023 
428,626 
1968 
260,914 
437,188 
1970 
301,510 
464,797 
1972 
481,599 
251,147 
1974 
312,752 
473,779 
1976 
259,145 
486,541 
1978 
329,770 
503,440 
1980 
528,495 
274,168 
1982 
297,664 
527,041 
1984 
308,950 
564,230 
1986 
302,875 
538,273 
1988 
558,554 
283,132 
1990 
311,417 
585,637 
1992 
293,975 
626,407 
1994 
681,221 
304,572 
1996 
279,898 
693,890 
1998 
378,215 
657,303 
2000 
357,764 
669,994 
2002 
675,434 
348,660 
2004 
* "Others Voting" total includes NAVs voting nonpartisan. 

Regis- 
tration  Voted 
305,583 
456,508 
507,603 
267,808 
394,454 
550,121 
300,012 
557,189 
420,523 
656,572 
711,538 
330,163 
451,452 
740,621 
315,515 
767,917 
404,986 
715,102 
713,727 
346,474 
416,507 
736,592 
339,323 
708,351 
401,473 
672,014 
685,352 
324,922 
383,319 
707,069 
306,137 
760,858 
766,703 
327,064 
309,640 
776,993 
406,742 
723,833 
374,246 
720,022 
729,233 
394,439 

Per- 
cent 
66.9 
52.8 
71.7 
53.8 
64.0 
46.4 
61.0 
41.1 
56.5 
48.5 
56.5 
47.9 
59.7 
47.4 
54.2 
40.2 
42.7 
39.9 
56.2 
52.0 
54.1 

NAV’s 

Others 

 

 

Regis- 
tration  Voted 

 

Per- 
cent 

 
 
 
 
 
 
 
 
 
 
 
 
 

 
 
 
 
 
 
 
 
 
 
 
 
 

 
 
 
 
 
 
 
 
 
 
 
 
 

189,200 
243,091 
283,585 
357,986 
392,045 
377,783 
390,889 
394,789 

25,876 
28,254 
50,925 
61,395 
67,583 
119,192 
109,905 
104,441 

13.1 
11.6 
17.96 
17.2 
17.2 
31.6 
28.1 
26.5 

 

Regis- 
tration  Voted 
5,145 
13,065 
17,441 
4,821 
6,954 
17,915 
7,625 
23,640 
12,518 
37,342 
55,459 
11,862 
34,782 
95,848 
28,818 
135,547 
45,911 
158,031 
195,471 
48,887 
53,394 
193,434 
45,548 
185,719 
48,764 
156,007 
4,356 
27,060 
35,469 
7,518 
10,680 
59,712 
45,589 
5,959 
6,574 
43,749 
14,446 
49,161 
16,610 
58,165 
63,463 
17,295 

Per- 
cent 
39.4 
27.6 
38.8 
32.3 
33.5 
21.4 
36.3 
21.3 
29.1 
25.0 
27.6 
24.5 
31.3 

* 
* 

17.9 
13.1 
15.0 
29.4 
28.6 
27.3 

Regis- 
tration 
853,325 
924,341 
996,662 
1,018,017 
1,158,711 
1,248,596 
1,310,248 
1,390,005 
1,376,573 
1,437,693 
1,457,067 
1,458,300 
1,366,294 
1,437,462 
1,543,315 
1,730,562 
1,851,499 
1,906,677 
1,808,080 
1,839,070 
1,862,919 

Per- 
cent 
76.2 
61.1 
75.6 
59.7 
64.8 
52.1 
66.0 
53.3 
65.5 
51.9 
56.5 
54.8 
56.3 
50.7 
53.2 
46.0 
44.7 
40.3 
57.5 
53.4 
51.6 

General Elections 

Democrats 

 

 

Republicans 

NAV’s 

Others 

   

 

 
  Regis- 

 

Regis- 
tration  Voted 

 

 

 
 
 
 
 
 
 
 
 
 
 
 
 

tration  Voted 
434,958 
511,973 
363,864 
518,228 
530,074 
439,706 
360,962 
521,662 
521,190 
673,710 
443,039 
652,414 
794,218 
573,997 
498,916 
808,182 
599,515 
784,129 
751,100 
537,552 
626,345 
792,208 
537,578 
728,177 
603,076 
737,489 
692,100 
539,621 
662,500 
792,551 
554,840 
786,990 
604,147 
805,286 
791,970 
502,210 
637,391 
769,195 
530,708 
729,460 
829,197 
736,398 

Year 
1964 
1966 
1968 
1970 
1972 
1974 
1976 
1978 
1980 
1982 
1984 
1986 
1988 
1990 
1992 
1994 
1996 
1998 
2000 
2002 
2004 
* Voting statistics by party are not available for the 1960 and 1962 general elections.

Regis- 
tration  Voted 
343,001 
402,336 
317,545 
412,586 
420,943 
368,887 
297,234 
410,693 
394,604 
473,907 
322,157 
439,667 
497,297 
385,785 
358,873 
511,621 
462,050 
564,771 
551,718 
411,104 
493,239 
594,387 
441,881 
587,154 
492,527 
590,648 
570,933 
456,657 
542,237 
642,206 
498,810 
665,956 
561,376 
714,548 
704,593 
466,812 
598,507 
699,179 
517,243 
680,444 
761,717 
683,225 

Per- 
cent 
84.9 
70.2 
83.0 
69.2 
77.4 
67.9 
72.3 
61.7 
76.4 
71.6 
79.1 
73.8 
81.8 
78.0 
83.6 
70.5 
75.0 
63.4 
82.9 
72.8 
88.8 

Per- 
cent 
85.2 
77.0 
87.5 
72.4 
83.3 
73.3 
77.6 
70.1 
81.8 
74.5 
83.1 
75.3 
83.4 
80.0 
84.4 
74.9 
78.6 
66.3 
85.6 
76.0 
89.7 

160,917 
321,532 
334,073 
400,248 
420,314 
428,406 
400,162 
477,682 

 
 
 
 
 
 
 
 
 
 
 
 
 

102,443 
243,328 
179,622 
214,843 
173,966 
288,562 
213,657 
376,758 

Per- 
cent 

 
 
 
 
 
 
 
 
 
 
 
 
 

63.7 
75.7 
53.8 
53.7 
41.4 
67.4 
53.4 
78.9 

 

Regis- 
tration  Voted 
13,286 
18,152 
12,387 
19,011 
20,834 
15,969 
13,682 
23,104 
37,582 
50,059 
27,361 
50,992 
128,631 
88,779 
79,634 
162,536 
148,126 
220,322 
213,771 
115,257 
146,240 
222,098 
108,681 
186,913 
139,596 
200,341 
52,550 
34,404 
14,249 
19,127 
20,993 
45,755 
18,814 
42,073 
49,104 
17,412 
34,755 
57,226 
32,153 
62,549 
72,653 
55,288 

Per- 
cent 
73.2 
65.2 
76.6 
59.2 
75.1 
53.7 
69.0 
48.9 
67.2 
53.9 
65.9 
58.2 
69.7 
65.5 
74.5 
45.9 
44.7 
35.5 
60.7 
51.4 
76.1 

Regis- 
tration 
932,461 
949,825 
971,851 
955,459 
1,197,676
1,143,073
1,420,146
1,482,339
1,569,222
1,516,589
1,608,693
1,502,244
1,528,478
1,476,500
1,775,416
1,832,774
1,962,155
1,965,981
1,954,006
1,872,615
2,141,249

 

Total 
 

Voted 
603,267 
516,777 
725,431 
568,551 
734,551 
593,172 
798,986 
603,478 
780,667 
669,529 
767,565 
693,821 
753,112 
660,990 
758,459 
661,717 
698,990 
665,340 
927,351 
858,524 
864,833 

Total 
 

Voted 
791,245 
693,796 
824,562 
671,878 
953,376 
792,557 
1,048,561
937,423 
1,209,691
1,063,913
1,265,824
1,088,140
1,235,199
1,133,125
1,462,314
1,254,265
1,399,180
1,160,400
1,559,215
1,293,756
1,851,671

Per- 
cent 
70.7 
55.9 
72.8 
55.8 
63.4 
47.5 
61.0 
43.3 
56.7 
46.6 
52.7 
47.6 
55.1 
46.1 
49.1 
38.2 
37.8 
34.9 
51.3 
46.7 
46.4 

Per- 
cent 
84.8 
73.0 
84.8 
71.3 
79.6 
69.3 
72.8 
63.2 
77.1 
70.2 
78.7 
72.4 
80.8 
76.7 
84.4 
68.4 
71.3 
59.0 
79.8 
69.1 
86.5 

